8355361
37898071
29414709
33992729
10376554
36337765
20876013
91188276
8068515
16368084
66069966
16331186
23603827
99719034
86394021
19508660
27310475
71188168
27393466
60053585
79268817
41081456
70134521
23551773
1426748
83836078
88802024
15986612
18766544
51368934
47439582
50011871
44478486
25017223
80829933
60622597
90783613
47386762
67035822
20065982
58171633
7860585
13811836
39916086
43010781
96083773
57749731
47280090
80707183
47385849
89521964
43412376
23175036
98804434
21417611
9420062
33379246
92887404
97539116
57260292
29590263
25497166
94903323
14518284
3754708
27716540
58215014
2991936
62621643
9006688
3086426
31019604
71016542
69766866
7512448
21382267
93805235
45802063
99066845
2744173
47772553
56717463
78825016
82322075
62630510
87508950
8570554
53762600
49803709
9666126
34345627
88526034
65178159
27538513
93577381
64015866
24566694
8457035
69296126
85000853
34393711
63886838
84711995
84675740
60392690
99533027
71310263
52831022
33345107
6486703
79533451
45783774
66480928
80076510
85699369
32044474
82513601
44679056
91734737
95496664
28018690
72114271
91935361
89549725
51829386
76964341
30503565
52653826
26381557
37136608
32551540
39992177
9428448
18787082
12527110
81718506
45000871
99945117
8373812
95431434
27965606
63585788
46142188
16000285
55531821
98790685
8529905
1707036
54584103
59137654
27571861
36044348
41134279
94443365
83391561
17081784
46431976
97029670
44887795
11484642
8385832
40263140
55689946
47321711
97534020
33016751
54193073
54024667
81632554
38389371
54050809
55413290
88694572
7927914
17646540
80178727
59410284
69555467
6712120
5779071
92754834
94687108
52823395
56101664
17040999
5122460
3982934
63634573
6934173
99795413
31827721
19089914
50497912
7962086
22496841
50843900
11290741
74863424
75420856
85592016
83909611
39587076
90666909
65890375
15986040
11670904
16470043
73931676
3604882
78049861
44108493
47968514
77914396
49900312
67892450
40369952
39890050
65365713
88456784
11226833
71337782
42129409
63365741
24335755
87967882
90151614
40600610
47609246
77814008
54872632
38982135
44741647
77215413
13356223
57183562
46521880
89094906
94332972
89933907
47535743
91266930
55164244
25007761
86976197
53845006
75363767
51175072
3434774
12909873
34350888
7542281
7121884
97770866
61210675
91010225
85469919
20085953
2002336
75182949
81283275
59291760
65978924
13007993
32013673
99220853
14792605
58327428
65227513
78965240
64166436
26768128
52921280
61706200
5652105
41425980
37923652
39747151
19770538
80766931
85579385
2303286
80995541
26357960
7711948
46946139
9572774
65560219
5747462
89104340
13648144
94249769
32860161
39114686
54950178
41353919
48405672
24606728
19571209
95081017
15905464
82134483
72376223
28431153
44393797
53622637
37701138
51676422
67261910
98486415
55005583
38221906
90601027
43668573
1426483
52180096
56167506
6228799
95010839
9932154
96744778
44619656
55224345
39209480
1308814
96674773
6838980
16195326
24804205
6439056
88881960
41910159
13020823
42622112
48735388
78292656
14375534
77811159
22122945
57954065
23546423
62369393
41521747
10551789
57113865
35196655
32085674
28477452
43683998
40087194
39605708
99076767
94694091
40049836
47222743
40198284
42117224
19649674
8333134
97919588
99757511
30519433
99910895
10954390
39652767
32502396
55989935
45845939
10604125
37622938
58804562
37742972
57857609
71876994
43555045
30659076
16409412
26094016
76677284
39640042
71314793
22478107
98122851
84118456
34039984
61638710
21223215
71023734
64328587
4498373
1761621
23538781
92412086
43298523
30310437
68319157
96530247
67041636
26552024
79618432
32715206
39340638
63506982
76153161
56939525
54857887
25181843
55824643
86265871
48117009
26062158
87495463
19935156
77351018
29125314
70293100
76864973
49487259
6536435
67993015
32006525
4191358
79422774
84370317
66459199
45541079
12447502
12449316
82999650
7501943
58848729
3256405
40621081
6026698
89812422
55397576
19418606
68559905
72877455
39656215
32914181
35288355
62457261
78503309
60882509
2877152
9645708
16139360
28314796
17642807
59368624
72000864
74730960
69339423
6148586
32566318
68761500
27569751
93969625
88068573
37520886
84767019
38766444
60602688
63161679
12767911
62728784
73928333
21594390
15694233
5294552
97596777
85073074
53796271
74107810
47150872
88706998
58291320
38731106
93035808
31998633
88990738
91735973
48958806
84343310
41016292
19100497
59029514
65740363
16493127
95640932
18145494
96253062
91802759
55571077
34374189
74788002
68434333
12956903
96928554
43494421
54643685
59023328
89701528
70446277
9644186
75733170
24288314
63270731
24104812
2027486
1335853
71124446
83245268
86969306
84026800
41822318
95509035
48750159
56617705
1412205
98420138
95494317
66866466
52111578
91574087
97896721
48294133
4399120
72717926
83163638
23081271
51637886
56508181
65947333
89411558
88760176
92521676
12300508
9100052
75762023
80467394
30169001
61161686
25876046
39292822
56425130
81807046
48786578
34307958
11386082
22917227
85021839
25771547
44700613
12144664
5849872
82931815
82389290
58239890
15356050
44323272
56679268
45069935
16780479
28627899
53089242
42116532
33524835
60124522
80222960
76925867
72768481
68162469
93331276
2588659
13066473
33012757
5244834
57904699
49733441
31079909
34073430
10196784
36531936
27884294
5156058
92987919
93145973
23008931
78876810
19286697
9741279
87713362
60828468
9647248
67407771
74661620
32482477
35643373
96261659
59419078
69414378
3507917
49586753
69529439
35177451
73633313
6101515
73225432
7834525
10490509
59723993
97951634
11370068
2616958
62601104
53851597
27442017
72738505
24605675
51224102
95111703
19371046
69954918
88500647
78179024
16426828
22600462
34728964
66437977
91627526
27544091
32140057
35948554
50168115
85923554
88133362
57466774
12799577
85859644
95836290
8099917
54402017
55567687
97398216
78251291
42595558
5084612
73815281
22303301
29365921
94501725
47566437
75146034
9474800
34519576
27277773
42244886
15444350
75479632
44692935
79684170
4532370
28401473
25387155
3631338
24349250
1180154
37221410
45602550
65705782
79433121
13132435
88030570
49639411
9128346
93690157
47097530
45860851
31749159
80498519
51007162
97788016
50371106
90456521
92957666
74756221
7147175
52231097
4589180
31929218
53142565
58864001
15870483
4246472
49886893
15048708
46904694
84365742
91105342
59655339
48562558
67685769
53450685
28302018
4324209
6109160
55402735
71307260
87133848
49307286
24106229
87699569
88727846
38500960
85339048
47262606
8698801
71210721
24180523
95505020
1292015
49578835
43160964
19664350
38693881
85085697
98431184
82692729
2046568
73661598
22599521
29982818
30610730
53944792
52830531
87180118
99670601
92478903
28592452
53977997
97794341
29514117
2456362
58178831
57919894
57647795
79087839
40741304
63642926
20619868
36354799
75978565
57512328
99027341
57038969
88397578
26371754
76060972
81755827
47434779
17580853
57164986
97018279
95958752
38679674
73627800
65515153
59877546
84023874
79426736
38856473
70897902
61767671
14709769
72971532
18388604
19917491
62602841
10727918
42282343
54083382
21750344
56339178
7349399
63753094
71809657
3826586
28286141
7329994
90733183
42197987
64155596
23962014
31114272
17624442
79614223
34206985
95680030
72161331
85050697
6361894
21989198
79473955
39811648
37443647
15095869
60210495
5405931
35414581
61688169
16147159
52310987
12841737
86238802
6370727
11305312
64059484
96834895
48655652
40573321
70891261
99614240
97183393
94741228
63373288
55004075
18265408
52303467
72081468
86393963
97489597
12099885
83271903
64319238
10496612
22835572
93686305
75227554
72349696
61625273
28085616
5356689
8190913
61379536
81621362
2839041
96572113
54992896
74043884
32408907
69563003
4155530
53142492
42470197
43380193
51862086
54253708
62232814
73077234
11230254
89214724
16997910
65837055
50058560
10760100
24595354
1820913
78028588
44814836
94486287
19606375
73428588
50566629
98673194
77814808
23204160
97004164
15427437
64027715
51377358
68648742
60103061
53837203
11089369
63738261
48485674
94733366
69568451
31450604
28424574
49757488
19541417
92108812
91603879
5948879
56895177
91513449
6083029
75495808
88775713
22449402
14806396
2394641
62596548
57102447
63596688
43106294
47422061
63749550
59930521
84852106
75770249
37760087
19361755
19638100
13199616
11656961
19667824
58625575
79886632
43255962
82016677
48523597
87823034
52310846
47418122
68462728
7405765
61346739
31756401
19936797
50712769
17490244
52306862
3386870
59264825
41736342
9503596
11991759
75100094
92213764
36008995
34039021
22498447
68090205
32960293
55750779
75971798
65412694
9936335
94443703
1681506
95813459
44853201
35167997
21835987
11071026
37107520
35108272
34861809
66510577
32717986
89906849
72827957
66597515
48446640
14180438
14303095
94768007
19700533
1496109
1730583
28894351
81659465
15855584
25749052
99956693
70924145
28860184
64303767
62986326
34640832
5393084
43987873
26220416
8695176
87749218
96366764
82315083
88274711
82216055
15364824
34061805
71929046
86458037
88546562
1146131
10330644
60186922
56016351
22315567
51782702
92638813
11344373
43599758
44005149
74652266
98520583
69067399
75200678
78174225
96744372
3630158
93793318
52955510
2063555
38451730
61094967
49194135
96718979
15192882
25176302
3260579
71664620
44683391
33523757
98160551
39329214
75835770
49652481
28830747
88101226
53118690
95600972
38876753
99652243
88295922
35362749
13170016
18195692
93860596
90490235
67326048
14669042
80886700
99541634
36721465
97641631
91299535
83123538
7677285
46683501
14375956
60868456
6999419
70129906
97357372
53088804
48397059
53166035
34180507
72213658
81492622
55263780
42346233
57460473
2684102
44870687
40372084
23975263
8667701
33679838
74580368
34505571
71574228
54148335
81722663
5717055
71185980
70114591
81608432
84381281
14531183
53246263
17318158
35537932
85884216
99300581
99785191
69031379
28104920
49350654
23926307
76944694
65125975
97360410
63680071
76922829
37779350
28387690
18780403
51679527
80587557
85669189
74148516
80060736
39519872
51506588
24862610
7103750
5907766
58668043
96521691
83831350
25230512
45884787
3245900
55029642
96896591
50845728
87646877
7633426
64236224
50667841
7802820
74467819
85651570
30478955
83057415
31898511
99636517
45686507
78078516
66722945
88469479
33999800
62424851
43509597
75557739
48420059
3862414
48054275
1906904
10435511
48641035
85314464
48651270
7045965
97493648
76539460
65586226
46065273
56960244
60697832
41644456
12315617
70596018
96738203
25497281
89889492
45884564
48904308
88425399
20829251
19720914
30693731
3579033
27788785
85945906
44129776
73094107
75613658
55700030
50772029
91243098
54628901
94871139
27709472
24256055
74099758
42282168
22409281
86046309
73807223
68350793
72461136
10243482
28682175
85540783
22236423
51485333
27116854
66132042
95770388
15567498
18403197
99464780
26339044
90927182
3179033
35886566
70191942
69323323
14018415
98982070
85245897
21468053
54545517
5646100
99951017
73664872
47990468
35075785
71236109
51888827
27306848
16241945
24656014
45699899
66740475
46172257
57018241
7838309
15090268
26421708
15615061
77983112
6904385
21536816
35135407
48822867
94025969
40330532
12844454
47044619
96431266
33327721
47417148
40899452
89736201
76401778
85957111
10778385
12118751
28617160
9684782
20940269
96126745
3649767
77850912
19820242
24960957
52439875
47746549
83549872
18564260
90354116
30064379
32006346
12002222
37862399
73040348
20515954
19572274
86827849
26615080
67760336
87393664
54170880
18732709
47273075
28531491
98612591
17443006
47665110
25719683
22752337
78462025
80397960
29033276
38179596
76897437
52773379
68167328
60884566
24553624
4590103
76537185
39275442
15936810
33273001
83755886
45950290
74142208
44316293
16722104
16185831
17931092
23928448
67023537
16696786
45212338
49769983
43451383
85482883
17376892
21848868
56410201
29925400
83308219
44742969
72559060
52553892
71935324
49131821
83946720
42513627
88195914
54420434
42687952
70722982
54318753
41775121
25768630
4739211
76735998
29094158
61150171
20352866
23691573
46661111
85515525
45777091
98013590
30667409
40586945
70243852
81809139
45829457
3257872
8451290
32318075
84953675
11210361
3918017
61341177
10641563
76557294
96150271
72220436
72335167
16207062
16382549
93810569
40079635
44108779
10996998
31714187
35566618
81014816
4159928
51687036
75289804
88993813
90852964
63817868
83275678
36911234
44222100
58066704
65569511
34485185
10064821
3375559
56451095
30721544
54101585
55998304
99942512
71208126
92801552
94344805
84157261
23591682
66160763
40340280
94252234
67650983
64421115
54662732
50767594
33685847
39901496
10488012
90336914
54522816
80481447
64172434
50430214
74184912
39178300
6859667
15879403
54779057
90865613
83423030
9981615
51389249
15664517
97038095
70302358
48340717
49988017
71324569
81823811
40812975
56350947
37600195
7365246
5122441
2149473
53449386
61159172
10545655
63511102
81972398
83590119
23154285
32944973
66111667
37855800
37122144
83822726
9746232
28172578
26767795
44796760
47503506
17883588
38470440
8766278
14852818
30936589
93778140
34651256
38073588
38427758
65437695
55715493
2600572
83104849
8379766
74313725
89184718
60213913
68175411
67439917
48155236
11610282
88621313
28148599
14108940
86472200
67606176
38389406
20495373
3628643
7033923
91122511
47662786
73319494
93261260
61018569
95256567
36444785
12167148
80114661
98044445
91526132
45941579
13246005
86201983
86666788
27843671
78791603
7527042
40298288
86718683
2596212
5621616
74155457
91340834
1937725
50177761
35972041
97193855
3357021
1127395
51606103
64382171
18844104
57803045
42046990
2927872
45382564
82217548
57128112
45695022
41122506
75604954
24956316
14071267
1357426
38976484
33235761
7574083
41105304
34952060
42167960
21071621
50071528
56201618
58397409
53600912
65848417
95018256
69241710
83959106
76161674
14832168
78128062
90069111
19365727
84152935
98985987
37539782
24946097
24419325
62122187
24863898
11495036
51941237
64706726
94325014
40548669
29821238
56725255
92827179
54510142
62529224
69566021
63462838
90005210
70361011
30536469
15236127
63694263
79632127
55759348
82147107
12178081
73933062
53991952
70457854
9392018
52429531
31007931
97759975
59087586
91636130
48710453
54758405
21771164
12681420
80988938
74585722
30484557
4975699
15536335
60075006
85448767
24139715
93594363
27616003
83504644
2829606
76742334
41628913
75091831
10392165
58315807
49330838
7190416
66915032
13156903
97738134
20997321
66634783
53353687
70339030
65800507
40700407
58287269
77099629
46894793
63229700
86204400
20879825
95244611
35711902
97150511
72064689
55708544
75167151
87110727
56523570
29509364
32456631
92933445
47557551
19154879
16871191
54490960
29870501
30011151
61862447
9447871
8408262
40280064
88821543
45255975
38025468
75823969
94759253
35602428
2143825
44152994
11760252
66325066
38115885
60832853
75995536
70721037
20284993
9214638
63374859
13478998
99959196
57726395
55279611
69443893
80685040
79535388
14006568
9527480
91711064
3839607
48712855
44460284
94769960
45280979
29338673
30105802
24263897
46034390
99893810
64704547
61630639
53801820
29466136
51229321
49839553
95812920
40040587
27942206
85725816
91560863
20651329
66697440
92956807
92226531
95660185
93802078
16440549
82055515
55150904
31879703
89851176
20196469
77044477
86875792
60006917
88732961
49521614
17152560
25006577
75026793
13729145
43483363
80971142
63913920
45414645
51972730
73888164
24386594
75876373
48137554
80442323
41650881
19765714
32774728
50115484
68555675
87205209
8576273
60461067
89459452
67253538
84730997
64109430
73849729
71788008
9238458
4253808
46703075
16884355
96489866
71972453
44583094
55263320
72713753
55100587
70492686
7551415
72770849
42220496
96055636
55436219
66933437
64691555
48244207
18668140
47818852
52875752
78471015
92364405
38151746
50646679
59202360
65198911
23773234
68131895
16540149
76945327
41895911
33351898
34462461
85299729
31606577
34152089
76115472
24612882
63919147
30901542
42674258
45661295
19492319
20797752
85039927
90891558
98238917
1339679
94911003
42489927
39654219
41083036
36198631
29843755
73301722
79916329
50255375
40670919
58322541
63282638
67544120
79997655
27739922
89488473
9833255
56622933
71563563
81199355
8994143
56555156
58401508
56226644
84877038
23740006
45343772
52180071
72921497
82474861
74500893
61435083
37159814
93360094
73139009
86768334
42506644
93934133
1498792
32208915
52752936
35414931
49091443
3230853
87714747
78631443
68368458
51973069
21010519
76485017
6706132
29515923
86764619
91020687
95683958
92510036
85109407
18061093
89253174
7641973
9056626
5569308
10037344
94179131
58472615
64342060
86243879
51308145
68887393
65225880
41521809
3382542
32664841
2121418
88652763
4508929
50637506
30814490
27672584
67251960
94005000
48794307
34232000
54681857
70255475
59327517
98077979
98570408
49161376
38576996
10149260
70316678
41047175
99077561
64364426
86767377
96304662
52269495
18616083
38584301
59977440
53887391
58361367
53923964
37857039
3620879
45219425
76729694
92849119
1793069
61798542
33372103
16530585
27728210
86131099
66940739
70569593
74226437
45035613
54672177
11651340
48203977
27985426
57312763
93877294
2354093
16787716
6728670
19074804
63554520
34219212
69973585
6401331
88112906
50574568
70225538
22834647
70509620
60488532
56250898
82404280
37656444
61346385
87831907
67947073
46627173
4266253
16100333
51950206
99435115
87566225
74383471
33214960
9341601
10814342
7544919
33323870
41540699
84394818
18772118
26725506
33845067
70813586
4068995
20369429
22476742
74757648
23050943
97066440
68080495
17333243
95173781
2839072
69724974
4920917
8501039
8842075
14522187
49082975
66659246
39541762
95028274
89214067
41511842
14276512
91196397
93509185
76314670
45117606
41171644
65407730
43688544
71294529
87953692
69355948
10491051
50309233
27856761
84685814
73085799
54986783
17800301
5128568
3074075
73473973
80351043
29336363
85836876
56242287
83665798
69754934
81045714
41829752
83007710
65252848
12754508
8556466
4896447
16020807
13276161
95722092
76080936
83589771
58016767
98020604
91184464
95076895
94643848
81974961
45475473
83709171
25432971
93904760
63775172
8337851
42050028
28038176
75283276
15629216
33392240
71110607
6705216
79103639
41981484
65559967
84645903
63062626
77766452
76468076
60093281
11732503
57441093
82557443
63796849
96572830
17029168
3138766
40671336
40737360
82839094
11005621
92919450
87724648
8794800
91249616
8824350
8655685
73545757
79712700
41397843
29828216
58674620
94616780
92953044
82646402
43069097
98047865
52832587
85779720
99083348
15337655
36426514
77040762
66186185
3924890
64093565
16299145
90679028
59690593
76926557
46854843
19959782
39947212
19642318
66079925
25096552
81499106
23219861
98571827
42099657
35708633
90670144
40086113
26085340
70848305
89898000
97143740
5211831
10159268
34138552
98103791
41658449
66972078
18915152
20686620
52472782
51352816
52671357
74581216
35217291
40798859
5026253
35684617
65489642
63396940
44043531
87049475
90820747
52263173
71167918
67374879
77381677
23612738
51519841
65062017
84243718
33482407
97315859
53325051
11956876
82648131
26924013
70169739
35618800
98439100
43738548
66604887
48337794
4555164
11230684
52050129
56040126
85038208
12409292
16099841
16051258
50407440
12725241
40946847
61777234
41250212
27761040
57086544
7659010
98124489
89771437
47424053
63478615
70894931
99136479
74879763
85027814
88567717
60413208
74259878
50088309
41532364
37658856
1409435
48909947
87433895
78068784
99562932
70781444
77118671
93521693
3820054
52710031
22305019
48820027
38116543
28939019
32362574
87537379
79984615
2070102
32306451
13941492
21334669
74955259
97101258
53426071
15117764
18905318
66091081
28111464
43624726
59783154
40484089
14820803
6181589
81302187
63094818
5867389
85400658
35767998
8350950
95558725
42619649
71459011
61402398
23195981
79811365
74406489
63643414
74461185
12342439
45273755
44638754
46794279
5580906
78370859
22223193
39168481
6147982
86857482
44919536
30066189
76641524
1593111
9031653
60489234
47149197
56869664
27456818
34103130
32793626
12788361
80500839
12987234
99307520
4398508
91627799
76043561
32921830
71985900
16920001
83678864
67532672
91193678
43584148
97449996
36114721
43029170
15018373
46415935
13668331
85505879
51216983
2806033
57052202
47549554
41096866
27544440
9015868
73832541
58925150
30078975
83241008
76653298
80668129
36489043
78590563
42247224
72007675
67142389
8996138
91668894
5723559
79665650
46502124
22277736
54161283
68945906
94719711
50718347
11651510
9209145
99747430
59877427
65214197
63242052
67285445
16471982
56238221
83055011
50917260
19533954
7745103
61417957
50193402
57014375
28994226
71654668
11433013
23960498
39370977
82906024
3412361
35253893
46840383
56777743
39776663
2778258
83000077
35854164
37847205
3732603
89669563
41076316
60708840
3205587
93160050
19888036
59646560
7805576
96916020
53280714
66896658
74238693
8785205
81829604
38704836
33267849
36702319
88819262
50981097
17577702
98051711
23687325
35920901
55697783
32257097
91197253
84657349
26047986
91419650
8303642
45735266
16575903
66612537
12562610
52089575
36692695
18759561
72817345
1231519
54303479
34840903
96702033
56294376
89400721
40190432
21582502
28300952
8958213
9468280
11252709
50089435
23044391
63216640
33766454
15019258
16926806
61440908
89693529
48677002
33698146
14367178
49428621
20285129
66717650
41815902
80994671
29253439
3826627
15504604
65713112
15663281
91310021
80816257
98853473
52971786
35370595
80670467
22792745
33264872
85198053
39196999
68217891
57678925
88776944
30411394
89948603
68733090
59814388
11711706
99056116
87102819
83268966
47378222
24293285
13210212
49920988
82179604
41195701
45490415
64575538
67100692
33480393
3654855
41522081
8124094
57248958
74672503
66548411
74315068
93119338
57136104
94175572
67014030
73019357
12334941
60943893
52491065
77584940
92296028
44564633
56436045
78273666
58126795
48891478
73789681
95068388
95369868
66810971
89277201
33933990
90223929
13689678
75254552
9580891
15151455
83660813
83745195
83208821
66473017
10863418
47915329
60275893
18480967
25491696
7442618
16615388
28341191
9241949
89190999
64647236
68488108
77467528
36831075
28290289
46968695
73580752
94686726
19618804
36344899
11384636
73747565
8879626
80066187
49999282
3539486
9293653
99990915
84389071
11633078
70546089
63358236
82418391
28541708
94976158
98367796
27389596
56025879
81237054
51579850
77645009
41083082
66314316
30503598
33310858
39411313
50269651
84650675
95268831
21939779
45466360
62799274
70300923
15836681
53372897
9770868
50181307
31736685
16814649
4953895
83487839
88662745
65506247
26694094
40534294
87911571
76013235
14618358
9428229
93147345
39084603
11973858
6949336
19430409
86323316
10235427
20996814
66539134
50490511
93900851
6896573
45821151
72231796
2354880
69186930
27452527
33145301
34133960
89825169
21033457
91737775
63649559
54049641
87705173
16640566
91412577
42242403
20199051
14440963
68353000
81295157
79345942
16609428
60339359
5590629
30171502
79650031
74598029
75477702
39140454
79039757
23481543
36600308
6923003
98046136
79776196
9236522
95529161
96206812
25004833
31064735
68105574
94157823
59411102
79539885
13500002
37279932
26329464
94777505
56873564
96815855
69776808
58684289
15942862
28274782
27435015
71907921
75533401
32997205
89053922
66291886
43267570
96536337
17546171
52012452
41708197
5890257
58207355
43932068
9514371
78927353
40861392
31028890
24575486
65767574
69559850
85682595
56507596
44692304
4189691
75954456
83245796
61473815
15766091
14303035
3373924
29161610
81752625
38885809
55084729
80876593
34487682
68623353
13995179
51812021
53927776
28592250
42845553
99247667
82345559
49491197
71347524
66236317
94418621
70846139
26524208
89174872
78476600
82478722
94974985
8916501
64797467
53067266
28963756
49285477
67874667
17879764
66543695
9785203
70596986
95558717
87218594
26475010
48781696
68568692
68229735
60404179
76546890
44314897
96794961
65093178
99668027
36770513
82609366
23939463
93780450
64086604
37258076
38212123
74602228
96546243
53292458
21256023
20945877
63145964
34860501
95881482
88628848
61572151
66986199
88848895
67442054
91430489
94248520
25466233
71863728
1664411
69795721
88401034
54374437
4737858
32647104
94829545
86331204
37562019
18298881
13136148
41604571
47290034
56873656
46622705
85091476
26690181
94855648
89134240
40638045
69678045
29946723
58589833
66585007
53440925
57269250
95188890
40553395
13129867
63395309
15785800
19330732
36683475
58174338
27909884
40952090
95043038
19212949
73723493
12840075
26165820
68982451
66523123
20868366
22433724
61268847
59146281
24091321
98017421
54963952
62245973
90421046
33082284
66248637
83915313
4939801
4617048
3067697
26668207
54272959
93272183
13267654
16836965
30103177
23046221
91883118
29391362
20461019
65974764
73296919
81795936
9266158
30727451
86898515
88723141
70173175
15709058
1181195
39758939
80308872
27563126
88090852
80383068
8381390
22622222
92640079
23720099
48133215
77382880
32362839
69972579
93799589
82296742
67084476
74872880
50088962
76606341
9288241
83774395
85486623
60865841
97264916
38439571
17304021
53664304
87515107
85464130
25885200
90075885
67810380
4732065
91986513
66691225
70150286
96812086
84655420
24145495
22250630
11794442
32284300
53082120
62813735
9210475
74150763
3338660
36031960
57162024
10679758
61441581
40845141
16223403
90864858
51940462
19705493
67869480
9389843
61327374
35640572
81313634
39797566
96409776
76515795
72245807
94217414
68513860
38413048
90154751
75603721
2023673
1161414
93813699
78154112
47291651
